d       s       a       m_i 
2 	1	0	1 
3 	2	1	1 3 
4 	3	1	1 1 5 
5 	3	2	1 3 7 
6 	4	1	1 1 1 9 
7 	4	4	1 3 7 15 
8 	4	7	1 3 3 3 
9 	5	2	1 1 1 9 9 
10 	5	4	1 1 5 5 21 
11 	5	7	1 1 5 13 13 
12 	5	11	1 3 7 7 7 
13 	5	13	1 3 3 11 11 
14 	5	14	1 3 3 3 19 
15 	6	1	1 1 1 1 1 33 
16 	6	4	1 1 1 9 9 9 
17 	6	11	1 1 5 5 5 37 
18 	6	13	1 1 5 13 29 61 
19 	6	16	1 3 7 15 31 63 
20 	6	19	1 3 7 15 15 15 
21 	6	22	1 3 7 7 7 7 
22 	6	25	1 3 3 11 27 59 
23 	6	26	1 3 3 11 11 11 
24 	7	1	1 1 1 1 1 1 65 
25 	7	4	1 1 1 1 17 17 17 
26 	7	7	1 1 1 1 17 49 113 
27 	7	8	1 1 1 9 9 9 73 
28 	7	14	1 1 1 9 25 57 121 
29 	7	19	1 1 5 5 21 53 53 
30 	7	21	1 1 5 5 5 5 5 
31 	7	28	1 1 5 13 13 13 13 
32 	7	31	1 1 5 13 13 45 109 
33 	7	32	1 3 7 15 31 63 127 
34 	7	37	1 3 7 15 15 47 111 
35 	7	41	1 3 7 7 23 23 87 
36 	7	42	1 3 7 7 23 55 55 
37 	7	50	1 3 3 11 27 59 123 
38 	7	55	1 3 3 11 11 43 107 
39 	7	56	1 3 3 3 19 51 51 
40 	7	59	1 3 3 3 19 19 83 
41 	7	62	1 3 3 3 3 3 67 
42 	8	13	1 1 1 1 17 49 49 177 
43 	8	14	1 1 1 1 17 49 113 113 
44 	8	21	1 1 1 9 9 41 105 233 
45 	8	22	1 1 1 9 9 41 41 41 
46 	8	28	1 1 1 9 25 57 121 121 
47 	8	31	1 1 1 9 25 57 57 185 
48 	8	38	1 1 5 5 21 53 53 53 
49 	8	47	1 1 5 5 5 37 37 165 
50 	8	49	1 1 5 13 29 29 29 29 
51 	8	50	1 1 5 13 29 29 93 221 
52 	8	52	1 1 5 13 29 61 61 189 
53 	8	56	1 1 5 13 13 13 13 141 
54 	8	59	1 1 5 13 13 13 77 77 
55 	8	61	1 1 5 13 13 45 45 45 
56 	8	67	1 3 7 15 31 63 63 63 
57 	8	69	1 3 7 15 31 31 95 223 
58 	8	70	1 3 7 15 31 31 31 31 
59 	8	79	1 3 7 15 15 15 79 207 
60 	8	81	1 3 7 7 23 23 23 23 
61 	8	84	1 3 7 7 23 55 55 55 
62 	8	88	1 3 7 7 7 7 71 199 
63 	8	94	1 3 7 7 7 39 39 39 
64 	8	97	1 3 3 11 27 27 91 91 
65 	8	103	1 3 3 11 27 59 59 187 
66 	8	107	1 3 3 11 11 11 75 75 
67 	8	110	1 3 3 11 11 43 107 107 
68 	8	115	1 3 3 3 19 51 115 243 
69 	8	121	1 3 3 3 3 35 99 227 
70 	8	122	1 3 3 3 3 35 35 35 
71 	8	124	1 3 3 3 3 3 67 195 
72 	9	1	1 1 1 1 1 1 1 1 257 
73 	9	8	1 1 1 1 1 33 33 33 33 
74 	9	11	1 1 1 1 1 33 33 161 417 
75 	9	13	1 1 1 1 1 33 97 97 353 
76 	9	16	1 1 1 1 17 17 17 17 273 
77 	9	22	1 1 1 1 17 17 81 209 465 
78 	9	25	1 1 1 1 17 49 49 49 49 
79 	9	37	1 1 1 9 9 9 9 9 265 
80 	9	44	1 1 1 9 9 41 41 41 41 
81 	9	47	1 1 1 9 9 41 41 169 425 
82 	9	50	1 1 1 9 25 25 89 217 473 
83 	9	52	1 1 1 9 25 25 25 25 281 
84 	9	55	1 1 1 9 25 25 25 153 153 
85 	9	59	1 1 1 9 25 57 121 249 249 
86 	9	62	1 1 1 9 25 57 57 185 441 
87 	9	67	1 1 5 5 21 21 85 213 213 
88 	9	74	1 1 5 5 21 53 117 245 501 
89 	9	76	1 1 5 5 21 53 53 53 309 
90 	9	81	1 1 5 5 5 5 69 69 69 
91 	9	82	1 1 5 5 5 5 69 197 453 
92 	9	87	1 1 5 5 5 5 5 133 133 
93 	9	91	1 1 5 5 5 37 101 229 229 
94 	9	94	1 1 5 5 5 37 37 165 421 
95 	9	103	1 1 5 13 29 29 93 93 349 
96 	9	104	1 1 5 13 29 61 61 189 189 
97 	9	109	1 1 5 13 29 61 125 253 509 
98 	9	122	1 1 5 13 13 45 45 45 45 
99 	9	124	1 1 5 13 13 45 109 237 237 
100 	9	128	1 3 7 15 31 63 127 255 511 
101 	9	137	1 3 7 15 31 31 95 95 95 
102 	9	138	1 3 7 15 31 31 95 223 479 
103 	9	143	1 3 7 15 31 31 31 159 415 
104 	9	145	1 3 7 15 15 47 47 175 175 
105 	9	152	1 3 7 15 15 15 15 15 271 
106 	9	157	1 3 7 15 15 15 79 79 335 
107 	9	164	1 3 7 7 23 23 87 215 215 
108 	9	167	1 3 7 7 23 23 87 87 343 
109 	9	173	1 3 7 7 23 55 119 119 375 
110 	9	176	1 3 7 7 7 7 71 199 455 
111 	9	181	1 3 7 7 7 7 7 135 391 
112 	9	182	1 3 7 7 7 7 7 7 7 
113 	9	185	1 3 7 7 7 39 103 103 103 
114 	9	191	1 3 7 7 7 39 39 167 423 
115 	9	194	1 3 3 11 27 27 91 91 91 
116 	9	199	1 3 3 11 27 27 27 27 27 
117 	9	208	1 3 3 11 11 11 11 139 395 
118 	9	218	1 3 3 11 11 43 43 171 427 
119 	9	220	1 3 3 11 11 43 107 107 107 
120 	9	227	1 3 3 3 19 51 51 179 179 
121 	9	229	1 3 3 3 19 51 115 115 371 
122 	9	230	1 3 3 3 19 51 115 243 243 
123 	9	234	1 3 3 3 19 19 19 19 275 
124 	9	236	1 3 3 3 19 19 83 211 211 
125 	9	241	1 3 3 3 3 35 99 99 355 
126 	9	244	1 3 3 3 3 35 35 35 291 
127 	9	253	1 3 3 3 3 3 3 131 131 
128 	10	4	1 1 1 1 1 1 1 129 129 129 
129 	10	7	1 1 1 1 1 1 1 129 385 897 
130 	10	13	1 1 1 1 1 1 65 193 193 705 
131 	10	14	1 1 1 1 1 1 65 193 449 449 
132 	10	19	1 1 1 1 1 33 33 33 289 801 
133 	10	22	1 1 1 1 1 33 33 161 417 417 
134 	10	26	1 1 1 1 1 33 97 97 353 353 
135 	10	35	1 1 1 1 17 17 17 17 17 529 
136 	10	41	1 1 1 1 17 17 81 81 337 849 
137 	10	49	1 1 1 1 17 49 49 49 305 817 
138 	10	50	1 1 1 1 17 49 49 49 49 49 
139 	10	55	1 1 1 1 17 49 49 177 177 689 
140 	10	64	1 1 1 9 9 9 73 73 73 585 
141 	10	69	1 1 1 9 9 9 73 201 201 201 
142 	10	76	1 1 1 9 9 9 9 137 137 649 
143 	10	84	1 1 1 9 9 41 105 233 233 745 
144 	10	87	1 1 1 9 9 41 105 233 489 489 
145 	10	98	1 1 1 9 25 25 89 89 89 601 
146 	10	100	1 1 1 9 25 25 89 217 473 985 
147 	10	107	1 1 1 9 25 25 25 25 25 25 
148 	10	115	1 1 1 9 25 57 121 121 121 121 
149 	10	118	1 1 1 9 25 57 121 249 249 761 
150 	10	121	1 1 1 9 25 57 57 57 313 313 
151 	10	127	1 1 1 9 25 57 57 185 185 185 
152 	10	133	1 1 5 5 21 21 85 213 469 981 
153 	10	134	1 1 5 5 21 21 85 213 213 213 
154 	10	140	1 1 5 5 21 21 21 149 405 405 
155 	10	143	1 1 5 5 21 21 21 149 149 661 
156 	10	145	1 1 5 5 21 53 117 117 373 373 
157 	10	152	1 1 5 5 21 53 53 53 309 821 
158 	10	158	1 1 5 5 21 53 53 181 181 693 
159 	10	161	1 1 5 5 5 5 69 69 325 837 
160 	10	171	1 1 5 5 5 5 5 5 5 517 
161 	10	176	1 1 5 5 5 37 101 101 357 869 
162 	10	179	1 1 5 5 5 37 101 101 101 101 
163 	10	181	1 1 5 5 5 37 101 229 485 485 
164 	10	194	1 1 5 13 29 29 29 157 413 925 
165 	10	199	1 1 5 13 29 29 29 29 285 285 
166 	10	203	1 1 5 13 29 29 93 221 477 477 
167 	10	205	1 1 5 13 29 29 93 93 93 93 
168 	10	208	1 1 5 13 29 61 61 189 189 189 
169 	10	213	1 1 5 13 29 61 61 61 61 573 
170 	10	220	1 1 5 13 29 61 125 125 125 125 
171 	10	224	1 1 5 13 13 13 13 141 141 653 
172 	10	227	1 1 5 13 13 13 13 141 397 397 
173 	10	242	1 1 5 13 13 45 45 173 429 429 
174 	10	251	1 1 5 13 13 45 109 237 493 1005 
175 	10	253	1 1 5 13 13 45 109 109 109 621 
176 	10	265	1 3 7 15 31 63 63 191 191 191 
177 	10	266	1 3 7 15 31 63 63 191 447 959 
178 	10	273	1 3 7 15 31 31 95 95 351 863 
179 	10	274	1 3 7 15 31 31 95 95 95 95 
180 	10	280	1 3 7 15 31 31 31 31 31 31 
181 	10	283	1 3 7 15 31 31 31 31 287 799 
182 	10	289	1 3 7 15 15 47 47 175 431 943 
183 	10	295	1 3 7 15 15 47 47 47 47 47 
184 	10	296	1 3 7 15 15 47 111 239 239 239 
185 	10	301	1 3 7 15 15 47 111 111 111 111 
186 	10	316	1 3 7 15 15 15 79 207 207 207 
187 	10	319	1 3 7 15 15 15 79 207 463 975 
188 	10	322	1 3 7 7 23 23 23 151 151 663 
189 	10	324	1 3 7 7 23 23 23 23 279 279 
190 	10	339	1 3 7 7 23 55 55 55 55 567 
191 	10	342	1 3 7 7 23 55 55 183 183 695 
192 	10	346	1 3 7 7 23 55 119 119 375 375 
193 	10	351	1 3 7 7 23 55 119 247 503 503 
194 	10	352	1 3 7 7 7 7 71 199 455 455 
195 	10	358	1 3 7 7 7 7 71 71 71 583 
196 	10	361	1 3 7 7 7 7 7 135 135 647 
197 	10	367	1 3 7 7 7 7 7 7 263 263 
198 	10	379	1 3 7 7 7 39 39 39 295 295 
199 	10	382	1 3 7 7 7 39 39 167 423 423 
200 	10	391	1 3 3 11 27 27 91 91 347 859 
201 	10	392	1 3 3 11 27 27 27 155 411 923 
202 	10	395	1 3 3 11 27 27 27 155 155 155 
203 	10	398	1 3 3 11 27 27 27 27 27 27 
204 	10	400	1 3 3 11 27 59 123 123 123 635 
205 	10	405	1 3 3 11 27 59 123 251 251 763 
206 	10	410	1 3 3 11 27 59 59 59 59 571 
207 	10	412	1 3 3 11 27 59 59 187 443 443 
208 	10	419	1 3 3 11 11 11 11 139 139 651 
209 	10	422	1 3 3 11 11 11 11 11 11 523 
210 	10	426	1 3 3 11 11 11 75 203 459 459 
211 	10	428	1 3 3 11 11 11 75 75 75 587 
212 	10	433	1 3 3 11 11 43 43 43 299 811 
213 	10	445	1 3 3 11 11 43 107 235 235 235 
214 	10	446	1 3 3 11 11 43 107 235 491 1003 
215 	10	448	1 3 3 3 19 51 51 51 307 819 
216 	10	451	1 3 3 3 19 51 51 51 51 51 
217 	10	454	1 3 3 3 19 51 51 179 179 179 
218 	10	457	1 3 3 3 19 51 115 115 115 115 
219 	10	468	1 3 3 3 19 19 19 19 275 275 
220 	10	472	1 3 3 3 19 19 83 211 211 723 
221 	10	482	1 3 3 3 3 35 99 99 355 355 
222 	10	493	1 3 3 3 3 35 35 163 419 419 
223 	10	501	1 3 3 3 3 3 67 67 67 67 
224 	10	505	1 3 3 3 3 3 3 131 387 899 
225 	10	508	1 3 3 3 3 3 3 3 259 771 
226 	10	511	1 3 3 3 3 3 3 3 3 3 
227 	11	2	1 1 1 1 1 1 1 1 1 513 513 
228 	11	11	1 1 1 1 1 1 1 129 129 641 1665 
229 	11	21	1 1 1 1 1 1 65 65 321 321 1345 
230 	11	22	1 1 1 1 1 1 65 65 321 833 833 
231 	11	35	1 1 1 1 1 33 33 33 33 545 545 
232 	11	49	1 1 1 1 1 33 97 97 97 97 97 
233 	11	50	1 1 1 1 1 33 97 97 97 609 1633 
234 	11	56	1 1 1 1 1 33 97 225 225 225 1249 
235 	11	61	1 1 1 1 1 33 97 225 481 481 481 
236 	11	70	1 1 1 1 17 17 17 17 17 529 529 
237 	11	74	1 1 1 1 17 17 17 145 401 913 913 
238 	11	79	1 1 1 1 17 17 17 145 145 657 1681 
239 	11	84	1 1 1 1 17 17 81 81 81 81 81 
240 	11	88	1 1 1 1 17 17 81 209 465 465 465 
241 	11	97	1 1 1 1 17 49 49 49 305 305 305 
242 	11	103	1 1 1 1 17 49 49 49 49 561 561 
243 	11	104	1 1 1 1 17 49 49 177 433 433 1457 
244 	11	112	1 1 1 1 17 49 113 113 369 369 1393 
245 	11	115	1 1 1 1 17 49 113 113 369 881 881 
246 	11	117	1 1 1 1 17 49 113 113 113 113 113 
247 	11	122	1 1 1 1 17 49 113 241 497 1009 2033 
248 	11	134	1 1 1 9 9 9 73 73 329 329 329 
249 	11	137	1 1 1 9 9 9 73 201 201 713 1737 
250 	11	146	1 1 1 9 9 9 9 9 9 9 9 
251 	11	148	1 1 1 9 9 9 9 9 265 777 777 
252 	11	155	1 1 1 9 9 9 9 137 137 137 1161 
253 	11	157	1 1 1 9 9 9 9 137 393 905 1929 
254 	11	158	1 1 1 9 9 9 9 137 393 393 393 
255 	11	162	1 1 1 9 9 41 105 105 105 105 1129 
256 	11	164	1 1 1 9 9 41 105 105 361 873 1897 
257 	11	168	1 1 1 9 9 41 105 233 233 745 1769 
258 	11	173	1 1 1 9 9 41 105 233 489 1001 1001 
259 	11	185	1 1 1 9 9 41 41 169 169 681 681 
260 	11	186	1 1 1 9 9 41 41 169 169 169 1193 
261 	11	191	1 1 1 9 9 41 41 169 425 425 425 
262 	11	193	1 1 1 9 25 25 89 89 345 857 857 
263 	11	199	1 1 1 9 25 25 89 89 89 89 89 
264 	11	213	1 1 1 9 25 25 25 25 25 537 537 
265 	11	214	1 1 1 9 25 25 25 25 25 25 1049 
266 	11	220	1 1 1 9 25 25 25 153 153 665 1689 
267 	11	227	1 1 1 9 25 57 121 121 377 377 1401 
268 	11	236	1 1 1 9 25 57 121 249 249 761 761 
269 	11	242	1 1 1 9 25 57 57 57 313 313 313 
270 	11	247	1 1 1 9 25 57 57 57 57 57 1081 
271 	11	251	1 1 1 9 25 57 57 185 441 441 1465 
272 	11	256	1 1 5 5 21 21 85 85 341 341 1365 
273 	11	259	1 1 5 5 21 21 85 85 341 853 853 
274 	11	265	1 1 5 5 21 21 85 213 469 469 469 
275 	11	266	1 1 5 5 21 21 85 213 469 981 2005 
276 	11	276	1 1 5 5 21 21 21 21 21 21 21 
277 	11	292	1 1 5 5 21 53 117 117 117 629 629 
278 	11	304	1 1 5 5 21 53 53 53 309 821 1845 
279 	11	310	1 1 5 5 21 53 53 53 53 53 1077 
280 	11	316	1 1 5 5 21 53 53 181 181 693 1717 
281 	11	319	1 1 5 5 21 53 53 181 181 181 181 
282 	11	322	1 1 5 5 5 5 69 69 325 837 837 
283 	11	328	1 1 5 5 5 5 69 197 453 453 453 
284 	11	334	1 1 5 5 5 5 69 197 197 709 709 
285 	11	339	1 1 5 5 5 5 5 5 261 773 773 
286 	11	341	1 1 5 5 5 5 5 5 5 5 5 
287 	11	345	1 1 5 5 5 5 5 133 389 389 389 
288 	11	346	1 1 5 5 5 5 5 133 389 901 1925 
289 	11	362	1 1 5 5 5 37 101 229 485 485 1509 
290 	11	367	1 1 5 5 5 37 101 229 229 229 229 
291 	11	369	1 1 5 5 5 37 37 37 293 805 1829 
292 	11	372	1 1 5 5 5 37 37 37 37 549 549 
293 	11	375	1 1 5 5 5 37 37 37 37 37 1061 
294 	11	376	1 1 5 5 5 37 37 165 421 933 933 
295 	11	381	1 1 5 5 5 37 37 165 165 677 1701 
296 	11	385	1 1 5 13 29 29 29 157 157 669 669 
297 	11	388	1 1 5 13 29 29 29 157 413 925 1949 
298 	11	392	1 1 5 13 29 29 29 29 29 541 1565 
299 	11	409	1 1 5 13 29 29 93 93 93 605 1629 
300 	11	415	1 1 5 13 29 29 93 93 349 349 1373 
301 	11	416	1 1 5 13 29 61 61 189 189 189 189 
302 	11	421	1 1 5 13 29 61 61 189 445 445 1469 
303 	11	428	1 1 5 13 29 61 61 61 317 317 317 
304 	11	431	1 1 5 13 29 61 61 61 317 829 1853 
305 	11	434	1 1 5 13 29 61 125 253 253 765 1789 
306 	11	439	1 1 5 13 29 61 125 253 509 1021 1021 
307 	11	446	1 1 5 13 29 61 125 125 381 893 1917 
308 	11	451	1 1 5 13 13 13 13 141 141 141 141 
309 	11	453	1 1 5 13 13 13 13 141 397 909 909 
310 	11	457	1 1 5 13 13 13 13 13 13 525 525 
311 	11	458	1 1 5 13 13 13 13 13 13 13 1037 
312 	11	471	1 1 5 13 13 13 77 205 461 461 1485 
313 	11	475	1 1 5 13 13 13 77 77 77 77 1101 
314 	11	478	1 1 5 13 13 13 77 77 333 333 333 
315 	11	484	1 1 5 13 13 45 45 173 429 429 429 
316 	11	493	1 1 5 13 13 45 45 45 301 301 1325 
317 	11	494	1 1 5 13 13 45 45 45 301 813 813 
318 	11	499	1 1 5 13 13 45 109 237 237 749 749 
319 	11	502	1 1 5 13 13 45 109 237 493 1005 2029 
320 	11	517	1 3 7 15 31 63 127 255 255 767 1791 
321 	11	518	1 3 7 15 31 63 127 255 255 255 255 
322 	11	524	1 3 7 15 31 63 127 127 127 127 127 
323 	11	527	1 3 7 15 31 63 127 127 127 639 1663 
324 	11	536	1 3 7 15 31 63 63 63 63 63 63 
325 	11	555	1 3 7 15 31 31 95 223 479 479 1503 
326 	11	560	1 3 7 15 31 31 31 31 31 31 1055 
327 	11	565	1 3 7 15 31 31 31 31 287 287 1311 
328 	11	569	1 3 7 15 31 31 31 159 159 671 671 
329 	11	570	1 3 7 15 31 31 31 159 159 159 1183 
330 	11	578	1 3 7 15 15 47 47 175 431 943 943 
331 	11	580	1 3 7 15 15 47 47 175 175 175 1199 
332 	11	587	1 3 7 15 15 47 47 47 303 303 1327 
333 	11	589	1 3 7 15 15 47 47 47 47 559 559 
334 	11	590	1 3 7 15 15 47 47 47 47 47 1071 
335 	11	601	1 3 7 15 15 47 111 111 111 623 623 
336 	11	607	1 3 7 15 15 47 111 111 367 367 1391 
337 	11	611	1 3 7 15 15 15 15 15 271 271 271 
338 	11	614	1 3 7 15 15 15 15 15 15 15 15 
339 	11	617	1 3 7 15 15 15 15 143 399 399 399 
340 	11	618	1 3 7 15 15 15 15 143 399 911 1935 
341 	11	625	1 3 7 15 15 15 79 79 79 591 1615 
342 	11	628	1 3 7 15 15 15 79 79 335 847 1871 
343 	11	635	1 3 7 15 15 15 79 207 207 719 1743 
344 	11	641	1 3 7 7 23 23 23 151 407 919 1943 
345 	11	647	1 3 7 7 23 23 23 151 151 151 151 
346 	11	654	1 3 7 7 23 23 23 23 23 535 1559 
347 	11	659	1 3 7 7 23 23 87 215 215 215 215 
348 	11	662	1 3 7 7 23 23 87 215 471 471 471 
349 	11	672	1 3 7 7 23 55 55 55 311 311 1335 
350 	11	675	1 3 7 7 23 55 55 55 311 823 823 
351 	11	682	1 3 7 7 23 55 55 183 439 439 1463 
352 	11	684	1 3 7 7 23 55 55 183 183 695 695 
353 	11	689	1 3 7 7 23 55 119 119 119 119 1143 
354 	11	695	1 3 7 7 23 55 119 119 375 887 887 
355 	11	696	1 3 7 7 23 55 119 247 247 759 759 
356 	11	713	1 3 7 7 7 7 71 71 327 839 1863 
357 	11	719	1 3 7 7 7 7 71 71 71 71 71 
358 	11	724	1 3 7 7 7 7 7 135 391 391 391 
359 	11	733	1 3 7 7 7 7 7 7 263 775 1799 
360 	11	734	1 3 7 7 7 7 7 7 263 263 263 
361 	11	740	1 3 7 7 7 39 103 103 103 615 615 
362 	11	747	1 3 7 7 7 39 103 231 487 999 999 
363 	11	749	1 3 7 7 7 39 103 231 231 231 1255 
364 	11	752	1 3 7 7 7 39 39 39 39 551 551 
365 	11	755	1 3 7 7 7 39 39 39 39 39 1063 
366 	11	762	1 3 7 7 7 39 39 167 167 679 679 
367 	11	767	1 3 7 7 7 39 39 167 423 935 935 
368 	11	770	1 3 3 11 27 27 91 219 219 219 1243 
369 	11	782	1 3 3 11 27 27 91 91 347 859 859 
370 	11	784	1 3 3 11 27 27 27 155 411 923 1947 
371 	11	787	1 3 3 11 27 27 27 155 411 411 411 
372 	11	789	1 3 3 11 27 27 27 155 155 667 1691 
373 	11	793	1 3 3 11 27 27 27 27 283 283 283 
374 	11	796	1 3 3 11 27 27 27 27 27 27 27 
375 	11	803	1 3 3 11 27 59 123 123 123 123 1147 
376 	11	805	1 3 3 11 27 59 123 123 379 891 891 
377 	11	810	1 3 3 11 27 59 123 251 251 763 763 
378 	11	815	1 3 3 11 27 59 123 251 507 1019 1019 
379 	11	824	1 3 3 11 27 59 59 187 443 443 443 
380 	11	829	1 3 3 11 27 59 59 187 187 187 187 
381 	11	830	1 3 3 11 27 59 59 187 187 699 1723 
382 	11	832	1 3 3 11 11 11 11 139 395 395 1419 
383 	11	841	1 3 3 11 11 11 11 11 267 779 779 
384 	11	847	1 3 3 11 11 11 11 11 11 11 1035 
385 	11	849	1 3 3 11 11 11 75 203 203 203 203 
386 	11	861	1 3 3 11 11 11 75 75 331 843 1867 
387 	11	868	1 3 3 11 11 43 43 43 43 43 1067 
388 	11	871	1 3 3 11 11 43 43 43 43 555 555 
389 	11	878	1 3 3 11 11 43 43 171 171 171 1195 
390 	11	889	1 3 3 11 11 43 107 235 235 747 1771 
391 	11	892	1 3 3 11 11 43 107 235 491 1003 2027 
392 	11	901	1 3 3 3 19 51 51 51 51 563 563 
393 	11	908	1 3 3 3 19 51 51 179 179 179 1203 
394 	11	920	1 3 3 3 19 51 115 243 243 243 243 
395 	11	923	1 3 3 3 19 51 115 243 243 755 1779 
396 	11	942	1 3 3 3 19 19 19 19 19 531 531 
397 	11	949	1 3 3 3 19 19 83 211 467 979 2003 
398 	11	950	1 3 3 3 19 19 83 211 467 467 467 
399 	11	954	1 3 3 3 19 19 83 83 83 595 1619 
400 	11	956	1 3 3 3 19 19 83 83 339 339 339 
401 	11	961	1 3 3 3 3 35 99 99 99 99 99 
402 	11	968	1 3 3 3 3 35 99 227 227 739 1763 
403 	11	971	1 3 3 3 3 35 99 227 227 227 227 
404 	11	973	1 3 3 3 3 35 99 227 483 995 2019 
405 	11	979	1 3 3 3 3 35 35 35 291 803 803 
406 	11	982	1 3 3 3 3 35 35 35 35 547 547 
407 	11	986	1 3 3 3 3 35 35 163 419 419 1443 
408 	11	998	1 3 3 3 3 3 67 195 451 963 1987 
409 	11	1001	1 3 3 3 3 3 67 67 67 579 1603 
410 	11	1010	1 3 3 3 3 3 3 131 387 899 899 
411 	11	1012	1 3 3 3 3 3 3 131 131 131 1155 
412 	11	1021	1 3 3 3 3 3 3 3 3 515 515 
413 	12	4	1 1 1 1 1 1 1 1 1 513 513 513 
414 	12	11	1 1 1 1 1 1 1 1 257 257 1281 3329 
415 	12	16	1 1 1 1 1 1 1 129 129 129 129 129 
416 	12	25	1 1 1 1 1 1 1 129 385 385 385 2433 
417 	12	26	1 1 1 1 1 1 1 129 385 385 1409 1409 
418 	12	31	1 1 1 1 1 1 1 129 385 897 1921 3969 
419 	12	38	1 1 1 1 1 1 65 65 65 577 1601 1601 
420 	12	41	1 1 1 1 1 1 65 65 321 321 321 2369 
421 	12	52	1 1 1 1 1 1 65 193 193 705 705 705 
422 	12	59	1 1 1 1 1 1 65 193 449 449 1473 3521 
423 	12	61	1 1 1 1 1 1 65 193 449 961 961 3009 
424 	12	62	1 1 1 1 1 1 65 193 449 961 1985 1985 
425 	12	64	1 1 1 1 1 33 33 33 33 33 1057 1057 
426 	12	69	1 1 1 1 1 33 33 33 33 545 1569 3617 
427 	12	76	1 1 1 1 1 33 33 33 289 801 1825 1825 
428 	12	81	1 1 1 1 1 33 33 161 161 161 1185 3233 
429 	12	82	1 1 1 1 1 33 33 161 161 161 161 161 
430 	12	103	1 1 1 1 1 33 97 97 97 609 609 2657 
431 	12	104	1 1 1 1 1 33 97 97 353 353 1377 1377 
432 	12	117	1 1 1 1 1 33 97 225 225 737 1761 3809 
433 	12	118	1 1 1 1 1 33 97 225 225 737 737 737 
434 	12	127	1 1 1 1 1 33 97 225 481 993 993 3041 
435 	12	131	1 1 1 1 17 17 17 17 273 273 1297 3345 
436 	12	143	1 1 1 1 17 17 17 17 17 529 1553 3601 
437 	12	145	1 1 1 1 17 17 17 145 401 401 401 2449 
438 	12	152	1 1 1 1 17 17 17 145 145 145 145 145 
439 	12	155	1 1 1 1 17 17 17 145 145 145 1169 3217 
440 	12	157	1 1 1 1 17 17 17 145 145 657 657 2705 
441 	12	167	1 1 1 1 17 17 81 81 337 849 1873 3921 
442 	12	171	1 1 1 1 17 17 81 81 81 81 1105 3153 
443 	12	176	1 1 1 1 17 17 81 209 465 465 465 465 
444 	12	181	1 1 1 1 17 17 81 209 465 977 977 3025 
445 	12	182	1 1 1 1 17 17 81 209 465 977 2001 2001 
446 	12	188	1 1 1 1 17 17 81 209 209 721 721 721 
447 	12	193	1 1 1 1 17 49 49 49 305 305 1329 3377 
448 	12	194	1 1 1 1 17 49 49 49 305 305 305 305 
449 	12	200	1 1 1 1 17 49 49 49 49 49 1073 1073 
450 	12	213	1 1 1 1 17 49 49 177 433 945 1969 4017 
451 	12	217	1 1 1 1 17 49 49 177 177 177 1201 3249 
452 	12	236	1 1 1 1 17 49 113 113 113 625 1649 1649 
453 	12	239	1 1 1 1 17 49 113 113 113 625 625 2673 
454 	12	241	1 1 1 1 17 49 113 241 497 497 1521 3569 
455 	12	247	1 1 1 1 17 49 113 241 497 1009 1009 3057 
456 	12	248	1 1 1 1 17 49 113 241 241 241 1265 1265 
457 	12	256	1 1 1 9 9 9 73 73 73 585 585 585 
458 	12	262	1 1 1 9 9 9 73 73 73 73 1097 1097 
459 	12	265	1 1 1 9 9 9 73 73 329 841 841 2889 
460 	12	268	1 1 1 9 9 9 73 73 329 329 329 329 
461 	12	274	1 1 1 9 9 9 73 201 201 713 1737 1737 
462 	12	283	1 1 1 9 9 9 73 201 457 969 1993 4041 
463 	12	285	1 1 1 9 9 9 73 201 457 457 457 2505 
464 	12	286	1 1 1 9 9 9 73 201 457 457 1481 1481 
465 	12	289	1 1 1 9 9 9 9 9 9 521 521 2569 
466 	12	290	1 1 1 9 9 9 9 9 9 521 1545 1545 
467 	12	307	1 1 1 9 9 9 9 137 137 649 1673 3721 
468 	12	310	1 1 1 9 9 9 9 137 137 137 1161 1161 
469 	12	313	1 1 1 9 9 9 9 137 393 905 905 2953 
470 	12	319	1 1 1 9 9 9 9 137 393 393 1417 3465 
471 	12	346	1 1 1 9 9 41 105 233 489 1001 1001 3049 
472 	12	348	1 1 1 9 9 41 105 233 489 489 1513 3561 
473 	12	352	1 1 1 9 9 41 41 41 41 553 1577 3625 
474 	12	357	1 1 1 9 9 41 41 41 41 41 1065 1065 
475 	12	388	1 1 1 9 25 25 89 89 345 345 1369 3417 
476 	12	391	1 1 1 9 25 25 89 89 345 345 345 345 
477 	12	397	1 1 1 9 25 25 89 89 89 89 1113 1113 
478 	12	398	1 1 1 9 25 25 89 89 89 89 89 2137 
479 	12	400	1 1 1 9 25 25 89 217 473 985 2009 4057 
480 	12	409	1 1 1 9 25 25 89 217 217 729 1753 1753 
481 	12	412	1 1 1 9 25 25 89 217 217 217 1241 3289 
482 	12	415	1 1 1 9 25 25 89 217 217 217 217 217 
483 	12	422	1 1 1 9 25 25 25 25 281 281 281 2329 
484 	12	434	1 1 1 9 25 25 25 153 409 921 921 2969 
485 	12	440	1 1 1 9 25 25 25 153 153 665 1689 3737 
486 	12	460	1 1 1 9 25 57 121 121 121 121 121 121 
487 	12	463	1 1 1 9 25 57 121 121 121 121 1145 3193 
488 	12	465	1 1 1 9 25 57 121 249 505 1017 1017 3065 
489 	12	468	1 1 1 9 25 57 121 249 505 505 505 505 
490 	12	471	1 1 1 9 25 57 121 249 505 505 1529 3577 
491 	12	477	1 1 1 9 25 57 121 249 249 249 249 2297 
492 	12	481	1 1 1 9 25 57 57 57 313 825 825 2873 
493 	12	488	1 1 1 9 25 57 57 57 57 569 569 569 
494 	12	491	1 1 1 9 25 57 57 57 57 569 1593 3641 
495 	12	494	1 1 1 9 25 57 57 57 57 57 1081 1081 
496 	12	505	1 1 1 9 25 57 57 185 185 697 697 2745 
497 	12	506	1 1 1 9 25 57 57 185 185 697 1721 1721 
498 	12	515	1 1 5 5 21 21 85 85 341 341 341 2389 
499 	12	521	1 1 5 5 21 21 85 85 85 85 1109 3157 
500 	12	536	1 1 5 5 21 21 85 213 213 213 1237 3285 
501 	12	539	1 1 5 5 21 21 85 213 213 213 213 213 
502 	12	548	1 1 5 5 21 21 21 21 277 789 789 789 
503 	12	551	1 1 5 5 21 21 21 21 277 789 1813 3861 
504 	12	557	1 1 5 5 21 21 21 21 21 533 533 2581 
505 	12	558	1 1 5 5 21 21 21 21 21 533 1557 1557 
506 	12	563	1 1 5 5 21 21 21 149 405 405 1429 1429 
507 	12	565	1 1 5 5 21 21 21 149 405 917 917 917 
508 	12	570	1 1 5 5 21 21 21 149 149 149 1173 3221 
509 	12	575	1 1 5 5 21 21 21 149 149 661 1685 1685 
510 	12	580	1 1 5 5 21 53 117 117 373 373 373 373 
511 	12	592	1 1 5 5 21 53 117 245 501 1013 1013 3061 
512 	12	595	1 1 5 5 21 53 117 245 501 1013 2037 2037 
513 	12	598	1 1 5 5 21 53 117 245 501 501 1525 3573 
514 	12	602	1 1 5 5 21 53 117 245 245 757 1781 3829 
515 	12	614	1 1 5 5 21 53 53 53 309 309 309 309 
516 	12	617	1 1 5 5 21 53 53 53 53 565 1589 3637 
517 	12	620	1 1 5 5 21 53 53 53 53 53 1077 1077 
518 	12	623	1 1 5 5 21 53 53 53 53 53 53 2101 
519 	12	626	1 1 5 5 21 53 53 181 437 949 949 2997 
520 	12	647	1 1 5 5 5 5 69 69 325 837 1861 3909 
521 	12	654	1 1 5 5 5 5 69 69 69 581 1605 1605 
522 	12	677	1 1 5 5 5 5 5 5 261 773 1797 3845 
523 	12	678	1 1 5 5 5 5 5 5 261 773 773 773 
524 	12	704	1 1 5 5 5 37 101 101 357 869 1893 1893 
525 	12	713	1 1 5 5 5 37 101 101 101 613 1637 3685 
526 	12	722	1 1 5 5 5 37 101 229 485 997 997 3045 
527 	12	724	1 1 5 5 5 37 101 229 485 485 1509 3557 
528 	12	733	1 1 5 5 5 37 101 229 229 229 1253 1253 
529 	12	738	1 1 5 5 5 37 37 37 293 805 1829 1829 
530 	12	747	1 1 5 5 5 37 37 37 37 549 1573 3621 
531 	12	750	1 1 5 5 5 37 37 37 37 37 1061 1061 
532 	12	757	1 1 5 5 5 37 37 165 421 421 421 421 
533 	12	764	1 1 5 5 5 37 37 165 165 165 165 2213 
534 	12	769	1 1 5 13 29 29 29 157 157 669 1693 1693 
535 	12	772	1 1 5 13 29 29 29 157 157 157 1181 3229 
536 	12	781	1 1 5 13 29 29 29 157 413 413 1437 1437 
537 	12	799	1 1 5 13 29 29 29 29 285 285 285 2333 
538 	12	800	1 1 5 13 29 29 93 221 221 733 733 2781 
539 	12	803	1 1 5 13 29 29 93 221 221 733 1757 1757 
540 	12	805	1 1 5 13 29 29 93 221 221 221 221 221 
541 	12	810	1 1 5 13 29 29 93 221 477 989 2013 4061 
542 	12	812	1 1 5 13 29 29 93 221 477 477 477 2525 
543 	12	817	1 1 5 13 29 29 93 93 93 605 605 2653 
544 	12	818	1 1 5 13 29 29 93 93 93 605 1629 1629 
545 	12	823	1 1 5 13 29 29 93 93 93 93 1117 3165 
546 	12	841	1 1 5 13 29 61 61 189 445 445 445 2493 
547 	12	850	1 1 5 13 29 61 61 61 61 61 1085 3133 
548 	12	862	1 1 5 13 29 61 61 61 317 829 1853 3901 
549 	12	865	1 1 5 13 29 61 125 253 253 253 1277 3325 
550 	12	868	1 1 5 13 29 61 125 253 253 765 1789 1789 
551 	12	872	1 1 5 13 29 61 125 253 509 509 1533 1533 
552 	12	880	1 1 5 13 29 61 125 125 125 125 1149 3197 
553 	12	883	1 1 5 13 29 61 125 125 125 125 125 125 
554 	12	889	1 1 5 13 29 61 125 125 381 381 1405 1405 
555 	12	895	1 1 5 13 29 61 125 125 381 893 893 893 
556 	12	901	1 1 5 13 13 13 13 141 141 141 1165 3213 
557 	12	906	1 1 5 13 13 13 13 141 397 909 909 909 
558 	12	908	1 1 5 13 13 13 13 141 397 397 1421 1421 
559 	12	926	1 1 5 13 13 13 13 13 269 269 269 2317 
560 	12	929	1 1 5 13 13 13 77 205 205 717 717 2765 
561 	12	930	1 1 5 13 13 13 77 205 205 717 1741 1741 
562 	12	935	1 1 5 13 13 13 77 205 205 205 1229 3277 
563 	12	939	1 1 5 13 13 13 77 205 461 973 1997 4045 
564 	12	942	1 1 5 13 13 13 77 205 461 461 1485 1485 
565 	12	953	1 1 5 13 13 13 77 77 333 845 845 845 
566 	12	954	1 1 5 13 13 13 77 77 333 845 1869 3917 
567 	12	956	1 1 5 13 13 13 77 77 333 333 333 2381 
568 	12	964	1 1 5 13 13 45 45 173 173 685 685 2733 
569 	12	967	1 1 5 13 13 45 45 173 173 685 1709 1709 
570 	12	971	1 1 5 13 13 45 45 173 429 429 1453 1453 
571 	12	974	1 1 5 13 13 45 45 173 429 941 1965 4013 
572 	12	982	1 1 5 13 13 45 45 45 45 557 1581 1581 
573 	12	985	1 1 5 13 13 45 45 45 301 301 301 2349 
574 	12	991	1 1 5 13 13 45 45 45 301 813 1837 3885 
575 	12	992	1 1 5 13 13 45 109 237 237 237 1261 3309 
576 	12	1007	1 1 5 13 13 45 109 237 493 1005 1005 1005 
577 	12	1021	1 1 5 13 13 45 109 109 365 877 1901 3949 
578 	12	1027	1 3 7 15 31 63 127 255 511 1023 1023 1023 
579 	12	1030	1 3 7 15 31 63 127 255 511 511 511 511 
580 	12	1039	1 3 7 15 31 63 127 255 255 255 1279 3327 
581 	12	1041	1 3 7 15 31 63 127 127 383 383 1407 3455 
582 	12	1048	1 3 7 15 31 63 127 127 127 127 127 127 
583 	12	1051	1 3 7 15 31 63 127 127 127 127 1151 3199 
584 	12	1060	1 3 7 15 31 63 63 191 191 191 191 191 
585 	12	1067	1 3 7 15 31 63 63 191 447 959 959 959 
586 	12	1070	1 3 7 15 31 63 63 191 447 447 447 447 
587 	12	1078	1 3 7 15 31 63 63 63 63 575 1599 3647 
588 	12	1084	1 3 7 15 31 63 63 63 319 831 1855 3903 
589 	12	1087	1 3 7 15 31 63 63 63 319 831 831 831 
590 	12	1089	1 3 7 15 31 31 95 95 351 351 351 351 
591 	12	1096	1 3 7 15 31 31 95 95 95 95 1119 3167 
592 	12	1099	1 3 7 15 31 31 95 95 95 95 95 95 
593 	12	1104	1 3 7 15 31 31 95 223 479 991 991 991 
594 	12	1116	1 3 7 15 31 31 95 223 223 223 1247 3295 
595 	12	1125	1 3 7 15 31 31 31 31 31 543 1567 3615 
596 	12	1126	1 3 7 15 31 31 31 31 31 543 543 543 
597 	12	1143	1 3 7 15 31 31 31 159 159 159 159 159 
598 	12	1144	1 3 7 15 31 31 31 159 415 927 927 927 
599 	12	1149	1 3 7 15 31 31 31 159 415 415 415 415 
600 	12	1154	1 3 7 15 15 47 47 175 431 431 1455 3503 
601 	12	1156	1 3 7 15 15 47 47 175 431 943 943 943 
602 	12	1165	1 3 7 15 15 47 47 175 175 687 1711 3759 
603 	12	1174	1 3 7 15 15 47 47 47 303 303 1327 3375 
604 	12	1178	1 3 7 15 15 47 47 47 47 559 559 559 
605 	12	1184	1 3 7 15 15 47 111 239 239 239 1263 3311 
606 	12	1189	1 3 7 15 15 47 111 239 239 751 1775 3823 
607 	12	1199	1 3 7 15 15 47 111 239 495 1007 2031 4079 
608 	12	1202	1 3 7 15 15 47 111 111 111 623 623 623 
609 	12	1207	1 3 7 15 15 47 111 111 111 111 111 111 
610 	12	1213	1 3 7 15 15 47 111 111 367 367 367 367 
611 	12	1216	1 3 7 15 15 15 15 15 271 783 1807 3855 
612 	12	1221	1 3 7 15 15 15 15 15 271 271 1295 3343 
613 	12	1228	1 3 7 15 15 15 15 15 15 15 15 15 
614 	12	1240	1 3 7 15 15 15 15 143 143 143 143 143 
615 	12	1243	1 3 7 15 15 15 15 143 143 143 1167 3215 
616 	12	1246	1 3 7 15 15 15 15 143 143 655 1679 3727 
617 	12	1252	1 3 7 15 15 15 79 79 79 79 79 79 
618 	12	1255	1 3 7 15 15 15 79 79 79 79 1103 3151 
619 	12	1262	1 3 7 15 15 15 79 79 335 335 335 335 
620 	12	1267	1 3 7 15 15 15 79 207 207 207 1231 3279 
621 	12	1270	1 3 7 15 15 15 79 207 207 719 1743 3791 
622 	12	1276	1 3 7 15 15 15 79 207 463 975 1999 4047 
623 	12	1293	1 3 7 7 23 23 23 151 151 151 1175 3223 
624 	12	1294	1 3 7 7 23 23 23 151 151 151 151 151 
625 	12	1296	1 3 7 7 23 23 23 23 279 279 279 279 
626 	12	1301	1 3 7 7 23 23 23 23 279 791 791 791 
627 	12	1305	1 3 7 7 23 23 23 23 23 23 1047 3095 
628 	12	1318	1 3 7 7 23 23 87 215 215 215 215 215 
629 	12	1321	1 3 7 7 23 23 87 215 471 983 983 983 
630 	12	1322	1 3 7 7 23 23 87 215 471 983 2007 4055 
631 	12	1327	1 3 7 7 23 23 87 215 471 471 1495 3543 
632 	12	1329	1 3 7 7 23 23 87 87 87 87 1111 3159 
633 	12	1332	1 3 7 7 23 23 87 87 87 599 1623 3671 
634 	12	1341	1 3 7 7 23 23 87 87 343 855 855 855 
635 	12	1349	1 3 7 7 23 55 55 55 311 823 1847 1847 
636 	12	1368	1 3 7 7 23 55 55 183 183 695 695 2743 
637 	12	1378	1 3 7 7 23 55 119 119 119 119 1143 1143 
638 	12	1384	1 3 7 7 23 55 119 119 375 375 1399 1399 
639 	12	1392	1 3 7 7 23 55 119 247 247 759 759 2807 
640 	12	1395	1 3 7 7 23 55 119 247 247 759 1783 1783 
641 	12	1397	1 3 7 7 23 55 119 247 247 247 247 2295 
642 	12	1402	1 3 7 7 23 55 119 247 503 1015 1015 3063 
643 	12	1413	1 3 7 7 7 7 71 199 455 967 967 967 
644 	12	1414	1 3 7 7 7 7 71 199 455 967 1991 4039 
645 	12	1417	1 3 7 7 7 7 71 199 199 199 1223 3271 
646 	12	1420	1 3 7 7 7 7 71 199 199 711 1735 3783 
647 	12	1423	1 3 7 7 7 7 71 199 199 711 711 711 
648 	12	1431	1 3 7 7 7 7 71 71 327 327 1351 3399 
649 	12	1442	1 3 7 7 7 7 7 135 135 135 135 135 
650 	12	1451	1 3 7 7 7 7 7 135 391 391 1415 3463 
651 	12	1476	1 3 7 7 7 39 103 103 359 359 1383 1383 
652 	12	1479	1 3 7 7 7 39 103 103 359 359 359 2407 
653 	12	1480	1 3 7 7 7 39 103 103 103 615 615 2663 
654 	12	1491	1 3 7 7 7 39 103 231 487 487 487 2535 
655 	12	1498	1 3 7 7 7 39 103 231 231 231 1255 1255 
656 	12	1500	1 3 7 7 7 39 103 231 231 743 743 2791 
657 	12	1503	1 3 7 7 7 39 103 231 231 743 1767 1767 
658 	12	1504	1 3 7 7 7 39 39 39 39 551 551 2599 
659 	12	1509	1 3 7 7 7 39 39 39 39 39 39 2087 
660 	12	1513	1 3 7 7 7 39 39 39 295 807 1831 1831 
661 	12	1521	1 3 7 7 7 39 39 167 167 167 167 2215 
662 	12	1534	1 3 7 7 7 39 39 167 423 935 935 2983 
663 	12	1537	1 3 3 11 27 27 91 219 219 731 1755 3803 
664 	12	1538	1 3 3 11 27 27 91 219 219 731 731 731 
665 	12	1543	1 3 3 11 27 27 91 219 219 219 219 219 
666 	12	1544	1 3 3 11 27 27 91 219 475 987 987 987 
667 	12	1547	1 3 3 11 27 27 91 219 475 987 2011 4059 
668 	12	1555	1 3 3 11 27 27 91 91 91 91 91 2139 
669 	12	1574	1 3 3 11 27 27 27 155 411 411 411 2459 
670 	12	1583	1 3 3 11 27 27 27 155 155 155 1179 1179 
671 	12	1603	1 3 3 11 27 59 123 123 123 635 1659 3707 
672 	12	1615	1 3 3 11 27 59 123 123 379 379 379 379 
673 	12	1618	1 3 3 11 27 59 123 251 251 251 1275 1275 
674 	12	1627	1 3 3 11 27 59 123 251 507 507 507 2555 
675 	12	1629	1 3 3 11 27 59 123 251 507 1019 2043 2043 
676 	12	1634	1 3 3 11 27 59 59 59 315 827 1851 1851 
677 	12	1636	1 3 3 11 27 59 59 59 315 315 315 2363 
678 	12	1639	1 3 3 11 27 59 59 59 315 315 1339 1339 
679 	12	1643	1 3 3 11 27 59 59 59 59 571 571 2619 
680 	12	1653	1 3 3 11 27 59 59 187 443 955 955 955 
681 	12	1654	1 3 3 11 27 59 59 187 443 955 1979 4027 
682 	12	1657	1 3 3 11 27 59 59 187 187 187 1211 3259 
683 	12	1664	1 3 3 11 11 11 11 139 395 395 1419 1419 
684 	12	1667	1 3 3 11 11 11 11 139 395 395 395 2443 
685 	12	1681	1 3 3 11 11 11 11 11 267 779 1803 3851 
686 	12	1687	1 3 3 11 11 11 11 11 267 267 267 267 
687 	12	1694	1 3 3 11 11 11 11 11 11 11 1035 3083 
688 	12	1697	1 3 3 11 11 11 75 203 203 203 1227 3275 
689 	12	1704	1 3 3 11 11 11 75 203 459 459 459 459 
690 	12	1709	1 3 3 11 11 11 75 203 459 971 971 971 
691 	12	1710	1 3 3 11 11 11 75 203 459 971 1995 4043 
692 	12	1715	1 3 3 11 11 11 75 75 75 587 587 2635 
693 	12	1722	1 3 3 11 11 11 75 75 331 843 1867 1867 
694 	12	1724	1 3 3 11 11 11 75 75 331 331 331 2379 
695 	12	1729	1 3 3 11 11 43 43 43 299 299 299 2347 
696 	12	1730	1 3 3 11 11 43 43 43 299 299 1323 1323 
697 	12	1732	1 3 3 11 11 43 43 43 299 811 811 2859 
698 	12	1736	1 3 3 11 11 43 43 43 43 43 1067 1067 
699 	12	1747	1 3 3 11 11 43 43 171 427 939 1963 4011 
700 	12	1753	1 3 3 11 11 43 43 171 171 683 1707 3755 
701 	12	1760	1 3 3 11 11 43 107 107 107 107 107 107 
702 	12	1783	1 3 3 11 11 43 107 235 235 235 1259 1259 
703 	12	1795	1 3 3 3 19 51 51 51 307 819 1843 3891 
704 	12	1802	1 3 3 3 19 51 51 51 51 563 563 563 
705 	12	1804	1 3 3 3 19 51 51 51 51 51 1075 3123 
706 	12	1815	1 3 3 3 19 51 51 179 435 947 1971 1971 
707 	12	1821	1 3 3 3 19 51 51 179 179 691 1715 1715 
708 	12	1822	1 3 3 3 19 51 51 179 179 691 691 2739 
709 	12	1826	1 3 3 3 19 51 115 115 115 627 1651 1651 
710 	12	1832	1 3 3 3 19 51 115 115 371 883 1907 1907 
711 	12	1838	1 3 3 3 19 51 115 115 371 371 371 2419 
712 	12	1840	1 3 3 3 19 51 115 243 243 243 243 243 
713 	12	1843	1 3 3 3 19 51 115 243 243 243 1267 3315 
714 	12	1849	1 3 3 3 19 51 115 243 499 499 1523 3571 
715 	12	1863	1 3 3 3 19 19 19 147 403 403 403 2451 
716 	12	1867	1 3 3 3 19 19 19 147 147 659 1683 1683 
717 	12	1869	1 3 3 3 19 19 19 147 147 147 147 2195 
718 	12	1884	1 3 3 3 19 19 19 19 19 531 531 531 
719 	12	1887	1 3 3 3 19 19 19 19 19 531 1555 3603 
720 	12	1894	1 3 3 3 19 19 83 211 211 211 211 211 
721 	12	1897	1 3 3 3 19 19 83 211 467 979 979 979 
722 	12	1905	1 3 3 3 19 19 83 83 83 83 1107 1107 
723 	12	1912	1 3 3 3 19 19 83 83 339 339 339 2387 
724 	12	1915	1 3 3 3 19 19 83 83 339 339 1363 1363 
725 	12	1921	1 3 3 3 3 35 99 99 99 99 1123 1123 
726 	12	1928	1 3 3 3 3 35 99 99 355 355 355 2403 
727 	12	1933	1 3 3 3 3 35 99 99 355 867 867 2915 
728 	12	1939	1 3 3 3 3 35 99 227 227 739 739 739 
729 	12	1948	1 3 3 3 3 35 99 227 483 483 483 483 
730 	12	1955	1 3 3 3 3 35 35 35 291 291 291 291 
731 	12	1957	1 3 3 3 3 35 35 35 291 803 1827 3875 
732 	12	1961	1 3 3 3 3 35 35 35 35 35 35 35 
733 	12	1970	1 3 3 3 3 35 35 163 419 931 931 2979 
734 	12	1976	1 3 3 3 3 35 35 163 163 675 675 2723 
735 	12	1982	1 3 3 3 3 35 35 163 163 163 1187 1187 
736 	12	1984	1 3 3 3 3 3 67 195 195 195 195 195 
737 	12	1990	1 3 3 3 3 3 67 195 195 707 1731 3779 
738 	12	1996	1 3 3 3 3 3 67 195 451 963 1987 4035 
739 	12	2007	1 3 3 3 3 3 67 67 67 67 1091 1091 
740 	12	2013	1 3 3 3 3 3 67 67 323 323 1347 1347 
741 	12	2014	1 3 3 3 3 3 67 67 323 323 323 2371 
742 	12	2017	1 3 3 3 3 3 3 131 387 387 387 2435 
743 	12	2018	1 3 3 3 3 3 3 131 387 387 1411 1411 
744 	12	2020	1 3 3 3 3 3 3 131 387 899 899 2947 
745 	12	2032	1 3 3 3 3 3 3 3 259 771 771 771 
746 	12	2038	1 3 3 3 3 3 3 3 259 259 1283 3331 
747 	12	2047	1 3 3 3 3 3 3 3 3 3 3 3 
748 	13	13	1 1 1 1 1 1 1 1 1 513 1537 1537 5633 
749 	13	19	1 1 1 1 1 1 1 1 257 257 257 2305 6401 
750 	13	26	1 1 1 1 1 1 1 1 257 769 769 2817 2817 
751 	13	41	1 1 1 1 1 1 1 129 129 641 641 641 4737 
752 	13	50	1 1 1 1 1 1 1 129 385 385 385 2433 2433 
753 	13	55	1 1 1 1 1 1 1 129 385 385 1409 3457 7553 
754 	13	69	1 1 1 1 1 1 65 65 65 65 1089 1089 1089 
755 	13	70	1 1 1 1 1 1 65 65 65 65 1089 3137 7233 
756 	13	79	1 1 1 1 1 1 65 65 65 577 1601 3649 3649 
757 	13	82	1 1 1 1 1 1 65 65 321 321 321 2369 6465 
758 	13	87	1 1 1 1 1 1 65 65 321 321 1345 3393 3393 
759 	13	93	1 1 1 1 1 1 65 65 321 833 1857 1857 1857 
760 	13	94	1 1 1 1 1 1 65 65 321 833 1857 3905 8001 
761 	13	97	1 1 1 1 1 1 65 193 193 193 193 193 193 
762 	13	100	1 1 1 1 1 1 65 193 193 193 1217 1217 5313 
763 	13	112	1 1 1 1 1 1 65 193 449 449 449 449 4545 
764 	13	121	1 1 1 1 1 1 65 193 449 961 961 961 961 
765 	13	134	1 1 1 1 1 33 33 33 33 33 33 2081 2081 
766 	13	138	1 1 1 1 1 33 33 33 33 545 1569 3617 3617 
767 	13	148	1 1 1 1 1 33 33 33 289 289 289 289 289 
768 	13	151	1 1 1 1 1 33 33 33 289 289 289 2337 6433 
769 	13	157	1 1 1 1 1 33 33 33 289 801 801 801 4897 
770 	13	161	1 1 1 1 1 33 33 161 161 161 1185 1185 5281 
771 	13	179	1 1 1 1 1 33 33 161 417 417 1441 3489 7585 
772 	13	181	1 1 1 1 1 33 33 161 417 417 417 417 4513 
773 	13	188	1 1 1 1 1 33 33 161 417 929 929 929 929 
774 	13	196	1 1 1 1 1 33 97 97 97 97 97 97 4193 
775 	13	203	1 1 1 1 1 33 97 97 97 609 1633 3681 3681 
776 	13	206	1 1 1 1 1 33 97 97 97 609 609 2657 6753 
777 	13	223	1 1 1 1 1 33 97 97 353 865 865 2913 2913 
778 	13	224	1 1 1 1 1 33 97 225 225 225 1249 1249 5345 
779 	13	227	1 1 1 1 1 33 97 225 225 225 1249 3297 3297 
780 	13	230	1 1 1 1 1 33 97 225 225 225 225 2273 6369 
781 	13	239	1 1 1 1 1 33 97 225 225 737 737 2785 2785 
782 	13	241	1 1 1 1 1 33 97 225 481 481 1505 1505 1505 
783 	13	248	1 1 1 1 1 33 97 225 481 993 2017 2017 6113 
784 	13	253	1 1 1 1 1 33 97 225 481 993 993 993 993 
785 	13	268	1 1 1 1 17 17 17 17 273 785 1809 1809 5905 
786 	13	274	1 1 1 1 17 17 17 17 17 17 17 2065 6161 
787 	13	283	1 1 1 1 17 17 17 17 17 529 529 2577 2577 
788 	13	286	1 1 1 1 17 17 17 17 17 529 1553 3601 7697 
789 	13	289	1 1 1 1 17 17 17 145 401 401 401 401 401 
790 	13	301	1 1 1 1 17 17 17 145 401 913 1937 1937 1937 
791 	13	302	1 1 1 1 17 17 17 145 401 913 1937 3985 8081 
792 	13	316	1 1 1 1 17 17 17 145 145 657 1681 1681 5777 
793 	13	319	1 1 1 1 17 17 17 145 145 657 1681 3729 3729 
794 	13	324	1 1 1 1 17 17 81 81 337 337 1361 1361 1361 
795 	13	331	1 1 1 1 17 17 81 81 337 849 849 2897 6993 
796 	13	333	1 1 1 1 17 17 81 81 337 849 1873 1873 5969 
797 	13	345	1 1 1 1 17 17 81 81 81 593 593 593 4689 
798 	13	351	1 1 1 1 17 17 81 81 81 593 1617 3665 7761 
799 	13	358	1 1 1 1 17 17 81 209 465 465 1489 3537 3537 
800 	13	375	1 1 1 1 17 17 81 209 209 209 1233 3281 7377 
801 	13	379	1 1 1 1 17 17 81 209 209 721 721 2769 6865 
802 	13	381	1 1 1 1 17 17 81 209 209 721 1745 1745 5841 
803 	13	386	1 1 1 1 17 49 49 49 305 305 1329 3377 7473 
804 	13	403	1 1 1 1 17 49 49 49 49 49 1073 3121 3121 
805 	13	405	1 1 1 1 17 49 49 49 49 49 49 49 49 
806 	13	419	1 1 1 1 17 49 49 177 433 433 1457 3505 3505 
807 	13	426	1 1 1 1 17 49 49 177 433 945 1969 4017 8113 
808 	13	428	1 1 1 1 17 49 49 177 433 945 945 945 5041 
809 	13	439	1 1 1 1 17 49 49 177 177 177 177 2225 2225 
810 	13	440	1 1 1 1 17 49 49 177 177 689 1713 1713 5809 
811 	13	446	1 1 1 1 17 49 49 177 177 689 689 2737 6833 
812 	13	451	1 1 1 1 17 49 113 113 369 369 1393 3441 7537 
813 	13	454	1 1 1 1 17 49 113 113 369 369 369 2417 2417 
814 	13	458	1 1 1 1 17 49 113 113 369 881 1905 3953 3953 
815 	13	465	1 1 1 1 17 49 113 113 113 113 1137 1137 5233 
816 	13	468	1 1 1 1 17 49 113 113 113 113 113 113 113 
817 	13	472	1 1 1 1 17 49 113 113 113 625 1649 1649 1649 
818 	13	475	1 1 1 1 17 49 113 113 113 625 1649 3697 7793 
819 	13	477	1 1 1 1 17 49 113 113 113 625 625 625 4721 
820 	13	496	1 1 1 1 17 49 113 241 241 241 1265 1265 1265 
821 	13	502	1 1 1 1 17 49 113 241 241 241 241 2289 2289 
822 	13	508	1 1 1 1 17 49 113 241 241 753 753 753 753 
823 	13	517	1 1 1 9 9 9 73 73 73 585 1609 1609 1609 
824 	13	521	1 1 1 9 9 9 73 73 73 73 73 73 73 
825 	13	527	1 1 1 9 9 9 73 73 73 73 1097 3145 3145 
826 	13	530	1 1 1 9 9 9 73 73 329 841 841 2889 6985 
827 	13	532	1 1 1 9 9 9 73 73 329 841 1865 1865 5961 
828 	13	542	1 1 1 9 9 9 73 73 329 329 1353 3401 7497 
829 	13	552	1 1 1 9 9 9 73 201 201 201 201 201 4297 
830 	13	555	1 1 1 9 9 9 73 201 201 201 201 2249 2249 
831 	13	560	1 1 1 9 9 9 73 201 457 969 969 969 5065 
832 	13	566	1 1 1 9 9 9 73 201 457 969 1993 4041 8137 
833 	13	575	1 1 1 9 9 9 73 201 457 457 1481 3529 3529 
834 	13	577	1 1 1 9 9 9 9 9 9 521 521 521 521 
835 	13	589	1 1 1 9 9 9 9 9 9 9 1033 1033 1033 
836 	13	590	1 1 1 9 9 9 9 9 9 9 1033 3081 7177 
837 	13	602	1 1 1 9 9 9 9 9 265 265 265 2313 6409 
838 	13	607	1 1 1 9 9 9 9 9 265 265 1289 3337 3337 
839 	13	608	1 1 1 9 9 9 9 137 137 649 649 649 4745 
840 	13	611	1 1 1 9 9 9 9 137 137 649 649 2697 2697 
841 	13	613	1 1 1 9 9 9 9 137 137 649 1673 1673 1673 
842 	13	625	1 1 1 9 9 9 9 137 393 905 905 905 905 
843 	13	644	1 1 1 9 9 41 105 105 105 617 617 2665 6761 
844 	13	651	1 1 1 9 9 41 105 105 105 105 1129 1129 1129 
845 	13	654	1 1 1 9 9 41 105 105 105 105 105 105 4201 
846 	13	656	1 1 1 9 9 41 105 105 361 873 1897 3945 8041 
847 	13	662	1 1 1 9 9 41 105 105 361 873 873 873 4969 
848 	13	668	1 1 1 9 9 41 105 105 361 361 361 2409 6505 
849 	13	681	1 1 1 9 9 41 105 233 233 233 1257 3305 3305 
850 	13	682	1 1 1 9 9 41 105 233 233 233 1257 1257 5353 
851 	13	689	1 1 1 9 9 41 105 233 489 1001 2025 4073 4073 
852 	13	696	1 1 1 9 9 41 105 233 489 489 1513 3561 7657 
853 	13	699	1 1 1 9 9 41 105 233 489 489 1513 1513 1513 
854 	13	707	1 1 1 9 9 41 41 41 41 553 1577 1577 1577 
855 	13	709	1 1 1 9 9 41 41 41 41 553 553 2601 2601 
856 	13	714	1 1 1 9 9 41 41 41 41 41 1065 1065 5161 
857 	13	716	1 1 1 9 9 41 41 41 41 41 41 2089 6185 
858 	13	719	1 1 1 9 9 41 41 41 41 41 41 41 41 
859 	13	727	1 1 1 9 9 41 41 41 297 809 809 809 809 
860 	13	734	1 1 1 9 9 41 41 41 297 297 297 297 4393 
861 	13	738	1 1 1 9 9 41 41 169 169 681 1705 1705 5801 
862 	13	743	1 1 1 9 9 41 41 169 169 681 681 681 681 
863 	13	747	1 1 1 9 9 41 41 169 169 169 1193 1193 1193 
864 	13	757	1 1 1 9 9 41 41 169 425 937 937 2985 2985 
865 	13	769	1 1 1 9 25 25 89 89 345 857 1881 3929 8025 
866 	13	770	1 1 1 9 25 25 89 89 345 857 1881 1881 1881 
867 	13	776	1 1 1 9 25 25 89 89 345 345 1369 3417 3417 
868 	13	790	1 1 1 9 25 25 89 89 89 601 601 601 601 
869 	13	799	1 1 1 9 25 25 89 89 89 89 89 89 4185 
870 	13	805	1 1 1 9 25 25 89 217 473 985 985 3033 7129 
871 	13	809	1 1 1 9 25 25 89 217 473 473 1497 3545 7641 
872 	13	812	1 1 1 9 25 25 89 217 473 473 473 2521 2521 
873 	13	820	1 1 1 9 25 25 89 217 217 729 729 2777 2777 
874 	13	827	1 1 1 9 25 25 89 217 217 217 1241 1241 5337 
875 	13	829	1 1 1 9 25 25 89 217 217 217 217 2265 6361 
876 	13	835	1 1 1 9 25 25 25 25 281 793 1817 1817 5913 
877 	13	841	1 1 1 9 25 25 25 25 281 281 1305 3353 7449 
878 	13	844	1 1 1 9 25 25 25 25 281 281 281 2329 2329 
879 	13	856	1 1 1 9 25 25 25 25 25 25 1049 3097 3097 
880 	13	859	1 1 1 9 25 25 25 25 25 25 1049 1049 5145 
881 	13	862	1 1 1 9 25 25 25 25 25 25 25 25 25 
882 	13	865	1 1 1 9 25 25 25 153 409 921 1945 3993 8089 
883 	13	885	1 1 1 9 25 25 25 153 153 665 665 2713 6809 
884 	13	890	1 1 1 9 25 25 25 153 153 153 1177 1177 1177 
885 	13	905	1 1 1 9 25 57 121 121 377 377 377 377 4473 
886 	13	916	1 1 1 9 25 57 121 121 121 633 1657 1657 1657 
887 	13	925	1 1 1 9 25 57 121 121 121 121 1145 1145 5241 
888 	13	935	1 1 1 9 25 57 121 249 505 1017 2041 4089 8185 
889 	13	939	1 1 1 9 25 57 121 249 505 505 505 2553 6649 
890 	13	942	1 1 1 9 25 57 121 249 505 505 1529 3577 3577 
891 	13	949	1 1 1 9 25 57 121 249 249 761 1785 1785 5881 
892 	13	953	1 1 1 9 25 57 121 249 249 249 249 249 4345 
893 	13	956	1 1 1 9 25 57 121 249 249 249 1273 1273 1273 
894 	13	961	1 1 1 9 25 57 57 57 313 825 825 825 4921 
895 	13	968	1 1 1 9 25 57 57 57 313 313 313 313 313 
896 	13	976	1 1 1 9 25 57 57 57 57 569 569 569 569 
897 	13	988	1 1 1 9 25 57 57 57 57 57 1081 1081 1081 
898 	13	995	1 1 1 9 25 57 57 185 441 953 953 3001 7097 
899 	13	997	1 1 1 9 25 57 57 185 441 953 1977 1977 6073 
900 	13	1007	1 1 1 9 25 57 57 185 441 441 1465 3513 7609 
901 	13	1015	1 1 1 9 25 57 57 185 185 697 1721 3769 7865 
902 	13	1016	1 1 1 9 25 57 57 185 185 185 185 185 185 
903 	13	1027	1 1 5 5 21 21 85 85 341 341 1365 3413 3413 
904 	13	1036	1 1 5 5 21 21 85 85 341 853 853 853 4949 
905 	13	1039	1 1 5 5 21 21 85 85 341 853 853 2901 2901 
906 	13	1041	1 1 5 5 21 21 85 85 85 85 1109 1109 5205 
907 	13	1048	1 1 5 5 21 21 85 85 85 597 1621 1621 1621 
908 	13	1053	1 1 5 5 21 21 85 85 85 597 597 597 4693 
909 	13	1054	1 1 5 5 21 21 85 85 85 597 597 2645 2645 
910 	13	1058	1 1 5 5 21 21 85 213 469 469 1493 1493 5589 
911 	13	1075	1 1 5 5 21 21 85 213 213 213 1237 1237 5333 
912 	13	1082	1 1 5 5 21 21 85 213 213 725 1749 1749 1749 
913 	13	1090	1 1 5 5 21 21 21 21 277 277 277 2325 2325 
914 	13	1109	1 1 5 5 21 21 21 21 21 21 1045 1045 1045 
915 	13	1110	1 1 5 5 21 21 21 21 21 21 1045 3093 7189 
916 	13	1119	1 1 5 5 21 21 21 21 21 533 1557 3605 3605 
917 	13	1126	1 1 5 5 21 21 21 149 405 405 1429 1429 1429 
918 	13	1130	1 1 5 5 21 21 21 149 405 917 917 917 917 
919 	13	1135	1 1 5 5 21 21 21 149 405 917 1941 1941 6037 
920 	13	1137	1 1 5 5 21 21 21 149 149 149 149 2197 2197 
921 	13	1140	1 1 5 5 21 21 21 149 149 149 1173 3221 7317 
922 	13	1149	1 1 5 5 21 21 21 149 149 661 1685 3733 3733 
923 	13	1156	1 1 5 5 21 53 117 117 373 885 1909 1909 1909 
924 	13	1159	1 1 5 5 21 53 117 117 373 885 1909 3957 8053 
925 	13	1160	1 1 5 5 21 53 117 117 373 373 373 373 373 
926 	13	1165	1 1 5 5 21 53 117 117 373 373 1397 1397 5493 
927 	13	1173	1 1 5 5 21 53 117 117 117 629 1653 1653 1653 
928 	13	1178	1 1 5 5 21 53 117 117 117 117 117 2165 6261 
929 	13	1183	1 1 5 5 21 53 117 117 117 117 1141 3189 3189 
930 	13	1184	1 1 5 5 21 53 117 245 501 1013 1013 3061 3061 
931 	13	1189	1 1 5 5 21 53 117 245 501 1013 2037 4085 8181 
932 	13	1194	1 1 5 5 21 53 117 245 501 501 501 501 501 
933 	13	1211	1 1 5 5 21 53 117 245 245 245 245 245 245 
934 	13	1214	1 1 5 5 21 53 117 245 245 245 1269 1269 5365 
935 	13	1216	1 1 5 5 21 53 53 53 309 821 1845 1845 5941 
936 	13	1225	1 1 5 5 21 53 53 53 309 309 1333 1333 1333 
937 	13	1231	1 1 5 5 21 53 53 53 309 309 309 2357 2357 
938 	13	1239	1 1 5 5 21 53 53 53 53 565 565 2613 6709 
939 	13	1243	1 1 5 5 21 53 53 53 53 53 1077 3125 7221 
940 	13	1246	1 1 5 5 21 53 53 53 53 53 53 2101 2101 
941 	13	1249	1 1 5 5 21 53 53 181 437 949 1973 4021 4021 
942 	13	1259	1 1 5 5 21 53 53 181 437 437 1461 1461 1461 
943 	13	1273	1 1 5 5 21 53 53 181 181 181 1205 3253 7349 
944 	13	1274	1 1 5 5 21 53 53 181 181 181 1205 1205 1205 
945 	13	1281	1 1 5 5 5 5 69 69 325 325 325 325 325 
946 	13	1287	1 1 5 5 5 5 69 69 325 325 1349 3397 3397 
947 	13	1294	1 1 5 5 5 5 69 69 325 837 1861 3909 8005 
948 	13	1296	1 1 5 5 5 5 69 69 69 69 69 69 69 
949 	13	1305	1 1 5 5 5 5 69 69 69 581 581 581 4677 
950 	13	1306	1 1 5 5 5 5 69 69 69 581 581 2629 2629 
951 	13	1318	1 1 5 5 5 5 69 197 453 453 1477 1477 5573 
952 	13	1332	1 1 5 5 5 5 69 197 197 197 1221 3269 3269 
953 	13	1335	1 1 5 5 5 5 69 197 197 197 1221 1221 5317 
954 	13	1336	1 1 5 5 5 5 69 197 197 709 709 2757 2757 
955 	13	1341	1 1 5 5 5 5 69 197 197 709 1733 3781 7877 
956 	13	1342	1 1 5 5 5 5 69 197 197 709 1733 1733 1733 
957 	13	1362	1 1 5 5 5 5 5 5 5 5 1029 3077 7173 
958 	13	1364	1 1 5 5 5 5 5 5 5 5 5 5 4101 
959 	13	1368	1 1 5 5 5 5 5 5 5 517 1541 1541 5637 
960 	13	1378	1 1 5 5 5 5 5 133 389 389 1413 1413 1413 
961 	13	1387	1 1 5 5 5 5 5 133 389 901 1925 1925 6021 
962 	13	1389	1 1 5 5 5 5 5 133 389 901 901 2949 7045 
963 	13	1397	1 1 5 5 5 5 5 133 133 133 133 2181 2181 
964 	13	1401	1 1 5 5 5 5 5 133 133 645 1669 3717 3717 
965 	13	1408	1 1 5 5 5 37 101 101 357 869 1893 1893 1893 
966 	13	1418	1 1 5 5 5 37 101 101 357 357 1381 3429 3429 
967 	13	1425	1 1 5 5 5 37 101 101 101 613 1637 1637 1637 
968 	13	1426	1 1 5 5 5 37 101 101 101 613 1637 3685 7781 
969 	13	1431	1 1 5 5 5 37 101 101 101 613 613 2661 2661 
970 	13	1435	1 1 5 5 5 37 101 101 101 101 1125 3173 3173 
971 	13	1441	1 1 5 5 5 37 101 229 485 997 2021 4069 8165 
972 	13	1444	1 1 5 5 5 37 101 229 485 997 997 3045 3045 
973 	13	1462	1 1 5 5 5 37 101 229 229 741 741 741 4837 
974 	13	1471	1 1 5 5 5 37 101 229 229 229 229 229 229 
975 	13	1474	1 1 5 5 5 37 37 37 293 805 805 2853 6949 
976 	13	1483	1 1 5 5 5 37 37 37 293 293 293 2341 2341 
977 	13	1485	1 1 5 5 5 37 37 37 293 293 1317 1317 1317 
978 	13	1494	1 1 5 5 5 37 37 37 37 549 1573 3621 3621 
979 	13	1497	1 1 5 5 5 37 37 37 37 37 37 37 4133 
980 	13	1516	1 1 5 5 5 37 37 165 421 421 1445 3493 7589 
981 	13	1522	1 1 5 5 5 37 37 165 165 677 677 677 677 
982 	13	1534	1 1 5 5 5 37 37 165 165 165 1189 1189 1189 
983 	13	1543	1 1 5 13 29 29 29 157 157 669 669 669 4765 
984 	13	1552	1 1 5 13 29 29 29 157 413 925 1949 3997 8093 
985 	13	1557	1 1 5 13 29 29 29 157 413 925 925 2973 2973 
986 	13	1558	1 1 5 13 29 29 29 157 413 925 925 925 5021 
987 	13	1567	1 1 5 13 29 29 29 157 413 413 413 413 413 
988 	13	1568	1 1 5 13 29 29 29 29 29 541 1565 1565 1565 
989 	13	1574	1 1 5 13 29 29 29 29 29 541 541 2589 2589 
990 	13	1592	1 1 5 13 29 29 29 29 285 285 1309 1309 5405 
991 	13	1605	1 1 5 13 29 29 93 221 221 733 1757 3805 7901 
992 	13	1606	1 1 5 13 29 29 93 221 221 733 1757 1757 1757 
993 	13	1610	1 1 5 13 29 29 93 221 221 221 221 221 221 
994 	13	1617	1 1 5 13 29 29 93 221 477 989 989 3037 3037 
995 	13	1623	1 1 5 13 29 29 93 221 477 989 2013 2013 2013 
996 	13	1630	1 1 5 13 29 29 93 221 477 477 1501 1501 5597 
997 	13	1634	1 1 5 13 29 29 93 93 93 605 605 2653 2653 
998 	13	1640	1 1 5 13 29 29 93 93 93 93 93 93 93 
999 	13	1643	1 1 5 13 29 29 93 93 93 93 93 2141 6237 
1000 	13	1648	1 1 5 13 29 29 93 93 349 861 861 861 4957 
1001 	13	1651	1 1 5 13 29 29 93 93 349 861 861 2909 2909 
1002 	13	1653	1 1 5 13 29 29 93 93 349 861 1885 1885 1885 
1003 	13	1670	1 1 5 13 29 61 61 189 189 189 1213 3261 7357 
1004 	13	1676	1 1 5 13 29 61 61 189 189 701 1725 1725 5821 
1005 	13	1684	1 1 5 13 29 61 61 189 445 445 1469 1469 1469 
1006 	13	1687	1 1 5 13 29 61 61 189 445 445 1469 3517 7613 
1007 	13	1691	1 1 5 13 29 61 61 189 445 957 957 3005 7101 
1008 	13	1693	1 1 5 13 29 61 61 189 445 957 1981 1981 6077 
1009 	13	1698	1 1 5 13 29 61 61 61 61 61 61 61 4157 
1010 	13	1709	1 1 5 13 29 61 61 61 61 573 1597 3645 3645 
1011 	13	1715	1 1 5 13 29 61 61 61 317 317 317 317 4413 
1012 	13	1722	1 1 5 13 29 61 61 61 317 829 829 829 829 
1013 	13	1732	1 1 5 13 29 61 125 253 253 253 253 253 4349 
1014 	13	1735	1 1 5 13 29 61 125 253 253 253 253 2301 2301 
1015 	13	1747	1 1 5 13 29 61 125 253 509 509 1533 3581 7677 
1016 	13	1749	1 1 5 13 29 61 125 253 509 509 509 509 4605 
1017 	13	1754	1 1 5 13 29 61 125 253 509 1021 2045 4093 4093 
1018 	13	1777	1 1 5 13 29 61 125 125 381 381 1405 3453 7549 
1019 	13	1784	1 1 5 13 29 61 125 125 381 893 1917 3965 3965 
1020 	13	1790	1 1 5 13 29 61 125 125 381 893 893 893 893 
1021 	13	1795	1 1 5 13 13 13 13 141 141 653 1677 3725 7821 
1022 	13	1801	1 1 5 13 13 13 13 141 141 141 1165 1165 5261 
1023 	13	1802	1 1 5 13 13 13 13 141 141 141 1165 3213 3213 
1024 	13	1812	1 1 5 13 13 13 13 141 397 909 909 909 5005 
1025 	13	1828	1 1 5 13 13 13 13 13 13 525 525 2573 2573 
1026 	13	1831	1 1 5 13 13 13 13 13 13 525 525 525 4621 
1027 	13	1837	1 1 5 13 13 13 13 13 13 13 13 2061 6157 
1028 	13	1838	1 1 5 13 13 13 13 13 13 13 13 13 13 
1029 	13	1840	1 1 5 13 13 13 13 13 269 781 1805 3853 7949 
1030 	13	1845	1 1 5 13 13 13 13 13 269 781 781 2829 2829 
1031 	13	1863	1 1 5 13 13 13 77 205 205 717 1741 3789 7885 
1032 	13	1864	1 1 5 13 13 13 77 205 205 205 205 205 205 
1033 	13	1867	1 1 5 13 13 13 77 205 205 205 205 2253 6349 
1034 	13	1870	1 1 5 13 13 13 77 205 205 205 1229 3277 3277 
1035 	13	1877	1 1 5 13 13 13 77 205 461 973 1997 1997 1997 
1036 	13	1881	1 1 5 13 13 13 77 205 461 461 461 461 461 
1037 	13	1884	1 1 5 13 13 13 77 205 461 461 1485 1485 5581 
1038 	13	1903	1 1 5 13 13 13 77 77 77 77 1101 1101 5197 
1039 	13	1917	1 1 5 13 13 13 77 77 333 333 1357 3405 3405 
1040 	13	1918	1 1 5 13 13 13 77 77 333 333 1357 1357 5453 
1041 	13	1922	1 1 5 13 13 45 45 173 173 173 173 173 4269 
1042 	13	1924	1 1 5 13 13 45 45 173 173 173 1197 3245 7341 
1043 	13	1928	1 1 5 13 13 45 45 173 173 685 685 2733 6829 
1044 	13	1931	1 1 5 13 13 45 45 173 173 685 685 685 685 
1045 	13	1951	1 1 5 13 13 45 45 173 429 941 1965 1965 6061 
1046 	13	1952	1 1 5 13 13 45 45 45 45 45 45 45 4141 
1047 	13	1957	1 1 5 13 13 45 45 45 45 45 1069 1069 1069 
1048 	13	1958	1 1 5 13 13 45 45 45 45 45 1069 3117 7213 
1049 	13	1964	1 1 5 13 13 45 45 45 45 557 1581 1581 5677 
1050 	13	1967	1 1 5 13 13 45 45 45 45 557 1581 3629 3629 
1051 	13	1970	1 1 5 13 13 45 45 45 301 301 301 2349 2349 
1052 	13	1972	1 1 5 13 13 45 45 45 301 301 1325 1325 1325 
1053 	13	1994	1 1 5 13 13 45 109 237 237 749 1773 1773 5869 
1054 	13	2002	1 1 5 13 13 45 109 237 493 493 1517 1517 1517 
1055 	13	2007	1 1 5 13 13 45 109 237 493 493 493 493 4589 
1056 	13	2008	1 1 5 13 13 45 109 237 493 1005 2029 4077 4077 
1057 	13	2023	1 1 5 13 13 45 109 109 109 109 109 2157 2157 
1058 	13	2030	1 1 5 13 13 45 109 109 109 621 621 2669 6765 
1059 	13	2035	1 1 5 13 13 45 109 109 365 365 1389 3437 7533 
1060 	13	2038	1 1 5 13 13 45 109 109 365 365 365 2413 2413 
1061 	13	2042	1 1 5 13 13 45 109 109 365 877 1901 3949 3949 
1062 	13	2047	1 1 5 13 13 45 109 109 365 877 877 2925 7021 
1063 	13	2051	1 3 7 15 31 63 127 255 511 1023 2047 2047 2047 
1064 	13	2058	1 3 7 15 31 63 127 255 511 511 1535 3583 7679 
1065 	13	2060	1 3 7 15 31 63 127 255 511 511 511 511 511 
1066 	13	2071	1 3 7 15 31 63 127 255 255 767 1791 1791 1791 
1067 	13	2084	1 3 7 15 31 63 127 127 383 383 383 383 383 
1068 	13	2087	1 3 7 15 31 63 127 127 383 383 383 2431 6527 
1069 	13	2099	1 3 7 15 31 63 127 127 127 127 127 2175 6271 
1070 	13	2108	1 3 7 15 31 63 127 127 127 639 1663 3711 7807 
1071 	13	2111	1 3 7 15 31 63 127 127 127 639 1663 1663 1663 
1072 	13	2120	1 3 7 15 31 63 63 191 191 191 191 191 4287 
1073 	13	2128	1 3 7 15 31 63 63 191 447 959 1983 4031 4031 
1074 	13	2138	1 3 7 15 31 63 63 191 447 447 1471 3519 3519 
1075 	13	2143	1 3 7 15 31 63 63 191 447 447 447 2495 2495 
1076 	13	2144	1 3 7 15 31 63 63 63 63 63 63 63 4159 
1077 	13	2153	1 3 7 15 31 63 63 63 63 575 575 2623 2623 
1078 	13	2156	1 3 7 15 31 63 63 63 63 575 1599 3647 3647 
1079 	13	2162	1 3 7 15 31 63 63 63 319 319 1343 3391 3391 
1080 	13	2167	1 3 7 15 31 63 63 63 319 319 319 2367 2367 
1081 	13	2178	1 3 7 15 31 31 95 95 351 351 351 351 4447 
1082 	13	2183	1 3 7 15 31 31 95 95 351 351 1375 1375 5471 
1083 	13	2202	1 3 7 15 31 31 95 95 95 607 1631 3679 3679 
1084 	13	2211	1 3 7 15 31 31 95 223 479 991 991 3039 3039 
1085 	13	2214	1 3 7 15 31 31 95 223 479 991 2015 4063 4063 
1086 	13	2223	1 3 7 15 31 31 95 223 479 479 1503 1503 5599 
1087 	13	2225	1 3 7 15 31 31 95 223 223 735 1759 1759 5855 
1088 	13	2232	1 3 7 15 31 31 95 223 223 223 1247 3295 3295 
1089 	13	2237	1 3 7 15 31 31 95 223 223 223 223 2271 2271 
1090 	13	2257	1 3 7 15 31 31 31 31 287 287 287 2335 6431 
1091 	13	2260	1 3 7 15 31 31 31 31 287 287 1311 3359 7455 
1092 	13	2267	1 3 7 15 31 31 31 31 287 799 799 2847 6943 
1093 	13	2274	1 3 7 15 31 31 31 159 159 671 1695 3743 7839 
1094 	13	2276	1 3 7 15 31 31 31 159 159 671 671 671 671 
1095 	13	2285	1 3 7 15 31 31 31 159 159 159 159 2207 6303 
1096 	13	2288	1 3 7 15 31 31 31 159 415 927 927 927 927 
1097 	13	2293	1 3 7 15 31 31 31 159 415 927 1951 1951 1951 
1098 	13	2294	1 3 7 15 31 31 31 159 415 927 1951 3999 8095 
1099 	13	2297	1 3 7 15 31 31 31 159 415 415 415 2463 6559 
1100 	13	2303	1 3 7 15 31 31 31 159 415 415 1439 1439 1439 
1101 	13	2308	1 3 7 15 15 47 47 175 431 431 1455 3503 7599 
1102 	13	2311	1 3 7 15 15 47 47 175 431 431 1455 1455 1455 
1103 	13	2318	1 3 7 15 15 47 47 175 431 943 1967 4015 8111 
1104 	13	2323	1 3 7 15 15 47 47 175 175 175 1199 1199 1199 
1105 	13	2332	1 3 7 15 15 47 47 175 175 687 687 687 687 
1106 	13	2341	1 3 7 15 15 47 47 47 303 815 1839 1839 1839 
1107 	13	2345	1 3 7 15 15 47 47 47 303 303 303 2351 6447 
1108 	13	2348	1 3 7 15 15 47 47 47 303 303 1327 3375 7471 
1109 	13	2354	1 3 7 15 15 47 47 47 47 559 1583 3631 7727 
1110 	13	2368	1 3 7 15 15 47 111 239 239 239 1263 3311 3311 
1111 	13	2377	1 3 7 15 15 47 111 239 239 751 1775 1775 5871 
